0 (0)
1 (1)
2 (2 9 29 108 112)
3 (3)
4 (4)
5 (5)
6 (6 8)
7 (7 182)
8 (10 11 12 13)
9 (14 174 175)
10 (15)
11 (16)
12 (17)
13 (18)
14 (19)
15 (20 21 36 38 40 41 50 53 56 59 74 80 86 88 89 99 102 104 116 119 130 133 136 180 181 185 190)
16 (22)
17 (23)
18 (24)
19 (25)
20 (26)
21 (27)
22 (28)
23 (30)
24 (31)
25 (32)
26 (33)
27 (34)
28 (35)
29 (37)
30 (39)
31 (42)
32 (43)
33 (44)
34 (45 70 168 176 178)
35 (46)
36 (47)
37 (48)
38 (49 52 55 58)
39 (51)
40 (54)
41 (57)
42 (60 177 179)
43 (61)
44 (62)
45 (63)
46 (64)
47 (65)
48 (66)
49 (67)
50 (68)
51 (69)
52 (71)
53 (72)
54 (73)
55 (75)
56 (76)
57 (77)
58 (78)
59 (79)
60 (81)
61 (82)
62 (83)
63 (84)
64 (85)
65 (87)
66 (90)
67 (91)
68 (92)
69 (93)
70 (94)
71 (95)
72 (96)
73 (97)
74 (98)
75 (100)
76 (101)
77 (103)
78 
79 (106)
80 (107)
81 (109)
82 (110)
83 (111)
84 (113)
85 (114)
86 (115)
87 (117 121 123)
88 (118 124)
89 
90 (122)
91 (125)
92 (126)
93 (127)
94 (128)
95 (129)
96 (135 137)
97 (132)
98 (134)
99 (138)
100 (139)
101 (140)
102 (141)
103 (142)
104 (143)
105 (144)
106 (145)
107 (146)
108 (147)
109 (148)
110 (149)
111 (150)
112 (151)
113 (152 167)
114 (153 155 157 159)
115 (154)
116 (156 158)
117 (160 161 163 165 170)
118 (162)
119 (164 166)
120 (169 172 173)
121 (171)
122 (183 187)
123 (184 188)
124 (186 189)
